697 4565
4486  7985
6354  6933
4669  679
5852  8839
9649  2214
2602  5020
7261  8971
1394  9872
4600  2948
546 6203
7704  2654
8132  880
5595  3152
718 5130
3523  9430
9749  4944
8914  1030
7022  3041
5936  605
272 5028
4203  2750
4962  1048
8355  7767
9550  338
8975  4381
6134  5074
7742  4552
6082  3688
891 9561
4674  3460
9676  5729
1815  9528
2643  6356
6 9784
9059  9864
7867  1438
1013  3992
2661  4848
3557  6573
5908  9261
6652  2064
7723  2547
8085  3884
774 3741
1034  6185
1467  3979
9263  2162
8718  384
4440  6668
8287  9918
4815  4085
5000  4019
1265  3502
3492  7653
8172  7138
586 5065
4181  5915
7882  2294
6704  4106
6511  2505
9828  6856
3361  3962
3124  1992
1586  3162
3774  8743
6989  4222
9298  1093
3027  7401
7247  7995
8647  2902
2515  4546
7051  5756
1653  7483
3653  3359
9262  9903
1527  5776
5041  6723
5782  3295
7162  1732
481 8451
5203  7251
84  943
660 1384
8683  2199
2748  9936
5109  7570
3341  4083
9581  3515
1407  5974
4801  3436
4643  5770
3489  2114
5855  9952
3182  8168
5343  3963
8496  4817
2190  7842
2635  793
7999  296
8571  5688
2053  5654
811 5653
9255  3166
8644  4996
1426  8066
3275  3680
5405  9293
2932  1329
4839  981
5158  7445
7465  8440
8384  3594
6623  6851
9053  4013
5897  203
5749  9361
4922  3053
1563  9114
944 7036
9456  2632
3838  5611
2466  3612
5630  4706
1393  9244
5266  6667
39  2582
5674  4519
2499  9931
7297  4729
1831  6681
3744  3005
1031  1958
760 6742
1337  6696
7597  8888
1830  1728
7147  3637
1718  8344
3605  7889
5349  764
8233  611
7495  9719
5939  7804
1218  6434
3504  7691
2515  5679
2840  7804
7647  242
7779  9969
437 885
2766  4892
822 2343
4918  4451
7983  5992
656 9011
9768  9966
4789  6459
5076  6221
9201  9816
9508  8722
7746  4897
8331  5170
4925  3854
4574  8094
7878  4983
6812  3448
5734  1560
5287  2746
6813  8306
6460  3179
85  6221
8041  8344
6650  606
2003  1101
4180  4655
2873  132
4966  2552
2432  3738
6167  2343
3519  3072
5488  6195
2408  7233
9981  1680
8312  9325
6059  6098
4128  2424
8735  5452
3095  3731
8283  7571
1905  2224
525 9450
9355  1920
2772  7901
2428  311
2614  7476
9575  436
3148  7806
7523  9137
4733  6857
3168  1246
7653  4422
2293  5728
6553  6490
2657  9933
9713  4093
7736  8890
8185  8491
9825  5156
195 7604
9633  4225
7609  9337
6998  1915
7704  6849
3204  3799
1225  2425
9153  3786
9479  9130
583 1860
8014  7046
1830  2218
2180  4088
9997  9804
7738  2859
1335  7751
9101  7595
2715  142
2873  970
6622  7442
1073  8383
2368  7509
509 4408
7677  2862
1486  1741
8486  9691
2297  3288
9325  748
8798  565
6699  7727
7603  8785
999 6843
6285  602
3373  6473
122 6159
8155  792
4407  5895
206 8519
1205  4730
4300  4334
7373  6765
9363  4868
7974  1310
6193  9013
7775  4101
73  711
1031  2861
5716  3854
4058  5017
9417  3520
5334  8738
9514  8401
5446  3094
5968  8839
7808  2028
9789  2426
2729  4832
637 2426
6483  7149
8740  3622
2979  3006
1780  4707
6188  4027
6406  6367
8004  2081
2531  1492
5118  8789
5622  4251
1149  4246
3910  3871
4968  9289
9255  6042
3859  7326
2989  2014
6333  6630
2789  9278
9721  990
8194  214
1839  1983
7760  7599
2512  3632
9071  7949
9150  5540
1538  5705
5633  8320
7178  5022
6448  3879
3683  762
342 8801
1017  2513
6192  1855
8238  7477
3224  4175
8805  4085
6318  6120
365 9739
4288  8526
4891  7825
9926  7861
90  1861
3172  933
4857  6189
3987  8294
176 9839
9716  7916
9660  961
6989  5613
2037  67
3150  1748
1993  6949
1742  957
4282  1120
4328  8378
6435  1828
92  9577
2579  4118
947 5139
2075  7144
1650  8667
6224  3829
3701  8616
8777  9113
6474  9928
7563  8032
9457  6357
2806  6797
2130  2759
2982  8046
9762  7913
4668  8370
6203  6082
4513  437
4949  2235
5438  3555
4119  1216
4009  7601
1534  8259
9580  124
4025  6618
7612  2788
3565  8838
3266  6408
4092  4447
2945  3380
9594  1015
4860  3101
8781  6706
8090  9556
523 1567
3248  8801
2289  4964
7925  6441
4047  7244
9301  3268
8702  3575
360 2789
2779  8795
9257  4598
8874  32
9487  5589
5220  4456
8707  9946
8219  6441
7645  316
4733  4939
7983  5372
1280  911
9193  8209
1036  4076
5435  3853
9203  3655
5743  3869
2767  5231
4070  3540
5446  4713
5975  3909
5336  8972
5638  2181
2162  8848
966 7690
4844  4633
7714  9582
7312  7370
2325  9254
9721  8048
6630  32
5716  310
168 7514
5758  9001
9742  8689
6312  4466
1469  9777
450 9620
9288  562
540 7508
1518  6773
5472  3845
9689  5561
253 8052
726 6468
3398  5120
3014  4881
1599  5233
3353  9238
9664  569
2018  1431
4391  21
7311  1054
4563  4679
5761  7189
1712  869
8770  1404
2367  6701
5157  1725
2216  8831
1 6119
9608  2571
8037  3977
4456  6360
4423  1387
6646  9437
7571  364
8630  3701
882 9031
4205  2678
6078  4630
124 357
3551  2416
7873  8998
3111  4346
8727  788
3586  6779
1076  8930
4239  5504
8370  7536
1914  5537
8487  8873
4481  9020
3516  6378
9788  352
818 7396
3268  8461
5565  5271
375 995
1027  5299
3451  8516
3180  4385
5222  6286
1237  4657
960 5695
2962  7102
4538  4137
8291  5946
2541  251
8579  7143
1867  9678
8310  3561
7771  8894
4224  2172
4329  2862
6328  8557
2161  8107
7970  7834
2054  3382
5630  5840
3615  7271
3459  3540
6713  7708
6946  8073
7950  2327
5401  3327
4014  8732
9912  4513
9889  4180
3375  4313
6131  1228
2563  220
102 686
1366  6955
8083  917
401 9598
4570  7056
5488  2487
7187  4218
7180  581
3219  4358
6753  7562
7841  2508
7371  295
4779  5801
5423  1824
8729  1699
5790  7850
6772  8062
8701  1622
6608  2992
401 5087
5076  7360
1673  3977
2971  1728
9128  636
823 1111
9610  7107
3518  7882
7053  2998
2135  2346
708 6998
9481  2204
8782  2852
9518  2002
62  6641
4799  411
3538  8327
1471  5749
799 1215
5857  9120
4588  270
4999  5788
9825  8094
1141  6835
9119  8528
9086  3054
9353  1306
7799  589
699 9669
9766  1962
3565  2874
7955  8075
28  7873
973 8587
7668  7993
6306  8820
1797  6553
7171  9313
3180  1908
3939  1267
5311  7865
6500  2733
8460  8967
358 666
1331  7000
4730  2143
3849  9722
7091  1211
8990  7947
2218  8827
7464  3997
9750  7701
7498  680
3830  1416
9787  3090
1977  2496
1 9588
8707  82
6458  9424
239 6238
2466  351
8029  5745
621 4186
2985  4909
7719  7638
5942  6297
8264  6866
6415  9996
1751  9836
5125  6306
5916  5106
7747  5200
468 6021
9114  1569
1967  5565
5088  771
1968  9618
4225  6921
4756  5216
5653  4856
4387  8514
3901  9239
9095  2210
4951  619
2101  6234
9116  1767
6920  6078
2359  727
1227  8114
9986  4159
4827  4815
9167  4944
5443  9592
8256  1505
6993  8451
3134  9418
8386  7719
2161  6967
7339  6731
2482  3444
9615  8001
9685  1393
8224  2332
940 4338
7957  7031
7988  4169
3618  8155
2899  5211
9931  6014
7322  5563
3741  8373
42  9454
2721  6028
8181  5888
536 3900
1276  5316
8794  8628
5410  2776
9502  3779
37  7288
332 562
946 7248
9356  8822
6784  4246
31  7375
3705  7026
2729  5165
1238  6998
6071  5908
1441  3009
3901  6391
8129  8023
547 83
8643  4705
8367  3072
7359  5091
3213  807
5213  1807
7242  3479
785 9827
4032  730
2416  7443
9867  3084
4943  9201
6890  6141
2829  667
3284  1321
6019  5642
885 5041
6143  8604
9000  994
8960  228
1988  3502
9095  329
2239  6049
4501  2431
4586  6459
4228  8330
2105  3535
4384  3332
842 8021
6549  5224
9816  5857
4844  5178
9386  4330
7162  2043
3865  8077
7427  5400
2213  6174
1749  5997
949 5480
5979  7935
6031  9448
5810  4990
1058  7407
4254  4307
8798  416
8462  3426
8157  3456
6068  8812
7752  5882
1914  1398
4953  2992
6843  2417
4740  4821
4158  5432
5281  2818
7775  4624
137 3989
8248  2259
9656  4918
8153  3182
1034  2084
2036  5378
1507  4586
1962  6064
1302  6003
5182  7183
815 7444
7394  2687
1061  5400
4026  105
3549  3527
7266  1290
4987  675
8033  6230
7807  8523
4949  6163
2334  1849
242 6841
898 8000
7999  8134
7156  3450
8217  6890
2099  4549
1440  7102
1475  2467
4264  7605
2066  9413
4888  9514
2523  5502
538 7026
6193  218
7932  5026
7670  5288
2590  2795
6282  3204
9033  5888
5330  868
6519  4181
8076  960
5630  6225
2141  6448
5156  2653
271 4377
4474  5519
5694  5123
1107  7118
747 1064
3886  5688
9444  4955
4299  2207
5833  5216
3518  931
93  9625
5066  4998
3008  8259
5003  3339
6089  6576
3901  7279
510 7547
2947  9240
5246  8684
5366  76
371 9715
3499  6234
2778  2532
8064  9243
376 9773
1328  4475
9457  3377
3854  9477
2024  9039
3545  1907
5156  3769
8173  3754
2916  29
4043  4807
9666  369
1970  4534
9805  2276
4501  4230
7757  2852
7481  2845
6857  56
3337  4107
881 2372
7072  8768
2269  1068
4070  2122
1652  7827
1912  3879
6148  2733
481 217
9088  5419
5378  4963
6727  9896
9839  8533
180 3193
4812  9533
2016  9177
9431  8741
3988  3834
522 2745
4260  6387
379 4037
6283  8267
2784  5288
126 725
7974  9166
3048  807
751 788
2415  4645
767 1046
1456  5809
4153  6079
1826  6052
9970  2830
6260  7452
2926  2753
1442  7477
144 1519
5962  6800
5099  1059
1138  686
7477  4337
5808  5258
9248  3206
4036  1480
7991  7571
7781  1499
5024  3832
101 1269
5183  9721
3583  3860
5363  736
8869  7907
6914  9242
6862  7588
7503  5877
3944  9206
5725  6690
6111  3427
9173  8236
5630  8430
3033  2195
192 6743
149 1943
4593  1017
5325  2737
4751  3615
8452  39
6135  2670
621 5425
8826  2554
1928  2771
6211  5475
5127  8982
1573  2927
8292  5060
6627  5939
4477  3020
9256  8554
9978  7754
1788  5278
2243  7649
6322  8370
9896  7988
3449  6658
1325  7476
8521  791
4738  3959
4031  4092
3880  3065
1721  6715
9402  2601
6714  4044
7472  4535
8152  6652
5564  8760
1746  5572
2033  2813
4924  8437
3255  9161
2742  3808
4338  307
8495  6194
2980  304
3167  9169
4648  7880
1032  9548
7645  8104
2241  1958
7200  7791
845 8229
4602  7855
4802  7507
1556  5206
1098  7841
9867  1399
1632  9765
2834  6051
2047  1576
9525  3427
8945  5295
8095  2286
9524  8282
5467  6518
6308  3699
2642  5509
5843  7611
1775  6734
8171  220
8843  7853
4244  7431
9830  9420
5682  4379
8409  5433
2649  3041
1045  8629
7434  3932
650 6984
2546  2753
1861  3065
3966  4714
1416  167
1917  2751
5067  6572
6580  3384
5867  7968
3721  9852
5130  2122
8774  5774
4120  7210
6443  569
3085  4942
2225  5583
5223  3680
7036  4970
9863  8595
4798  8273
2138  4770
469 3585
7163  2663
3365  5246
7097  2414
1041  8955
4534  529
5615  4526
8132  2228
5673  3316
3410  4004
1057  7652
9239  5283
2787  8028
4787  9935
2486  386
4605  5550
7119  1796
9961  2005
6236  7604
4218  6209
5036  8157
8565  5497
8528  6929
829 4990
9074  9953
2506  5808
8274  9397
6424  4687
44  671
2139  9897
106 3601
1474  1579
7994  8293
476 4293
5676  5321
9220  4001
2959  4561
838 4492
5940  3338
6956  3878
1180  3459
3784  4930
6120  2371
7602  3234
3692  3222
1597  1483
5005  8993
2825  5553
1011  1999
4292  1939
8130  1866
9309  7565
764 7071
3502  5167
1740  9485
4009  7722
7055  2580
5862  6893
9343  7410
469 8057
1911  4234
8465  1192
6590  5656
